194
143
403
62
136
13
43
126
74
472
376
420
68
19
255
340
373
367
70
372
362
150
154
264
63
25
425
390
14
420
372
484
64
53
323
476
65
366
379
138
116
255
335
183
51
368
301
423
13
370
74
374
298
227
139
360
29
341
250
319
261
122
304
324
452
404
78
17
48
456
432
441
488
267
124
40
412
202
240
425
350
91
299
148
317
215
285
346
56
35
165
317
433
246
418
385
428
496
180
475
230
389
416
219
433
318
36
346
297
53
271
424
144
347
349
238
63
134
361
118
445
304
212
379
50
131
42
255
404
498
9
411
387
202
407
321
297
442
444
95
273
215
296
416
339
146
154
401
279
16
297
225
97
286
381
423
194
200
179
98
199
187
287
363
388
194
184
463
137
405
58
187
397
353
103
237
276
34
138
56
326
212
58
422
498
216
346
192
415
25
68
114
488
354
255
154
48
438
117
461
344
451
148
241
83
28
255
358
62
171
191
165
382
26
88
158
241
211
128
157
13
195
48
1
326
302
431
151
19
326
113
140
55
38
158
414
343
413
273
182
84
241
346
243
267
211
401
285
421
29
441
433
1
267
211
326
69
420
476
364
246
366
4
78
182
439
492
25
352
43
483
213
283
329
455
327
41
134
113
239
162
331
173
439
98
161
265
167
81
20
308
104
163
312
182
344
251
451
146
380
493
129
93
276
236
325
381
54
459
493
292
398
324
242
116
422
403
158
366
261
177
174
143
118
263
102
239
291
53
385
171
46
291
41
99
304
144
479
357
380
250
427
56
75
169
171
274
349
329
140
111
283
91
253
400
132
354
140
422
184
302
371
229
370
189
105
175
332
85
309
212
112
236
46
186
405
216
237
254
45
154
142
328
245
172
6
376
303
422
76
486
224
446
492
372
413
98
47
245
459
133
235
71
369
280
35
52
495
271
83
318
425
225
423
447
396
206
101
200
129
176
463
352
400
456
224
313
54
48
335
290
181
70
360
327
127
172
378
400
443
460
218
146
462
418
93
137
124
193
114
252
146
77
382
46
33
383
358
363
431
194
153
389
41
291
493
168
462
371
68
183
109
63
328
72
480
198
485
381
390
99
134
37
175
293
359
485
176
218
348
384
189
279
273
229
347
266
174
87
414
241
270
24
81
375
372
61
74
357
442
241
455
353
277
407
146
137
392
321
132
19
206
320
75
256
326
421
300
1
8
491
19
55
292
100
430
164
437
281
298
157
22
31
287
77
216
432
490
108
32
399
403
15
496
477
48
322
176
125
100
461
117
396
16
408
495
223
350
210
4
425
145
303
456
431
157
172
364
147
57
173
46
460
187
42
215
12
141
169
137
241
130
253
137
422
438
409
146
288
396
426
214
41
7
447
472
163
396
114
87
452
286
409
190
250
228
183
39
369
351
175
387
258
205
301
180
421
487
103
209
383
30
200
424
313
424
174
476
320
287
340
51
350
250
240
377
477
200
415
124
51
368
11
308
350
89
266
271
76
368
258
237
397
235
438
488
160
112
464
257
176
82
307
303
331
325
457
309
25
150
210
353
18
221
438
368
87
204
416
163
73
174
399
247
409
115
235
69
226
476
325
179
59
410
481
167
235
216
253
37
365
463
389
161
184
328
306
270
309
222
210
159
396
386
406
305
1
418
151
4
173
253
182
9
163
440
175
175
156
428
212
22
391
378
182
352
483
487
399
293
486
110
451
382
273
135
464
274
331
392
55
4
146
237
12
86
177
186
39
111
391
28
409
282
405
91
134
389
355
311
459
341
420
188
2
470
323
465
22
154
358
77
434
281
313
223
144
267
408
182
155
300
209
64
359
392
154
271
281
286
82
240
128
279
427
129
249
28
371
271
458
7
347
170
65
437
392
209
481
301
168
137
378
155
200
237
47
132
285
105
417
366
122
322
145
326
228
394
132
100
442
90
106
289
260
171
4
429
157
484
230
102
121
385
256
321
400
80
452
185
184
147
52
83
469
473
409
197
367
41
296
309
407
180
375
444
128
378
374
62
363
381
163
261
45
419
82
444
276
311
406
238
458
235
320
205
209
7
401
76
324
475
163
232
432
315
453
60
194
105
121
334
486
283
95
308
479
454
252
256
43
435
493
278
171
91
482
379
98
162
232
421
137
172
430
69
487
162
405
458
266
303
292
30
86
164
337
343
395
366
376
438
302
147
216
472
237
476
351
112
138
360
311
274
33
241
120
20
180
302
477
446
105
47
253
190
487
91
310
383
456
186
99
36
332
92
8
347
68
136
458
205
496
269
256
306
288
153
325
467
454
80
191
59
403
444
27
168
312
336
51
268
300
426
82
409
19
89
256
86
3
492
69
276
261
324
82
49
255
406
294
209
263
484
268
166
428
72
111
18
407
162
64
484
365
145
394
383
11
427
247
13
419
315
288
458
416
369
284
171
53
78
158
315
63
203
258
268
274
369
286
458
308
349
443
450
271
115
334
281
42
358
294
239
173
359
197
366
229
480
315
59
336
472
152
398
452
187
443
226
333
7
184
418
133
127
369
403
19
203
462
61
61
256
77
11
392
273
154
398
31
468
457
366
218
109
42
170
73
263
173
406
269
357
324
180
261
193
360
280
173
322
118
233
355
194
21
248
244
175
146
52
420
380
418
416
266
237
363
339
499
37
245
47
171
346
226
431
40
363
488
212
186
106
223
318
77
243
343
98
417
489
150
116
147
345
32
413
82
394
252
82
430
274
128
101
120
131
310
436
493
298
149
456
182
149
275
36
391
395
134
87
384
61
202
309
405
11
222
264
404
251
345
113
302
250
490
421
380
78
136
152
154
62
108
335
210
160
370
101
56
281
464
217
119
443
26
24
453
25
288
136
275
410
248
77
161
16
276
318
371
189
469
25
250
355
359
459
15
7
337
347
66
302
342
184
245
367
485
199
170
51
112
222
460
137
77
398
152
352
217
23
318
186
47
68
41
183
27
333
467
141
180
33
442
22
216
465
167
478
441
336
29
53
335
489
189
411
165
118
41
381
418
358
68
464
425
385
425
229
218
392
370
176
424
90
474
417
55
418
396
273
32
202
325
367
191
291
278
134
409
319
15
327
177
359
69
380
245
271
109
240
163
256
193
364
346
168
282
178
86
455
451
118
157
54
484
126
123
262
259
32
358
273
136
36
410
481
415
155
253
301
172
415
335
365
280
181
33
339
136
395
294
364
13
228
196
274
353
318
314
112
127
172
163
262
207
73
243
399
5
495
478
176
411
313
318
468
271
128
307
406
24
378
49
313
106
244
365
237
339
179
348
465
350
288
227
335
138
247
12
419
21
489
373
209
302
191
177
73
319
261
257
120
139
83
432
22
104
297
258
442
253
384
407
104
449
411
216
88
435
227
7
455
217
379
164
296
348
118
369
167
378
403
286
294
485
495
316
89
71
74
31
323
235
215
204
185
403
419
272
116
424
56
72
141
213
13
436
61
131
83
5
9
485
68
81
470
63
396
336
410
247
144
12
260
358
215
444
39
412
493
155
336
49
4
476
39
293
190
99
423
51
380
210
36
447
290
284
288
463
397
198
487
42
209
247
399
202
191
216
114
461
148
227
288
428
480
326
221
170
203
145
220
83
132
34
31
199
95
318
162
491
293
426
33
3
174
210
481
142
203
372
104
350
99
391
278
79
494
276
26
197
198
246
280
329
57
310
28
428
128
466
419
420
171
230
200
122
217
458
263
419
330
144
269
428
312
324
7
307
377
33
4
76
56
283
404
389
370
210
317
275
453
14
473
401
243
173
23
459
409
64
156
239
207
202
445
297
26
229
104
403
39
384
256
94
445
437
260
315
147
354
91
378
368
64
279
388
14
80
126
200
143
281
439
127
483
162
423
286
390
304
466
429
189
222
300
411
160
338
4
84
192
94
239
60
434
19
448
226
98
351
203
18
132
419
144
392
81
68
179
471
371
422
178
337
145
477
248
82
315
252
165
285
123
404
344
335
200
70
338
75
420
41
92
330
460
235
222
318
80
178
289
229
101
244
66
23
499
92
104
92
121
46
376
21
227
221
355
204
68
470
278
266
289
147
373
27
160
372
344
239
51
411
467
428
155
311
450
154
402
331
246
23
154
122
43
381
120
176
85
465
423
141
231
212
287
381
238
224
253
83
463
81
271
208
9
425
19
236
80
198
344
103
220
498
224
41
379
122
493
241
87
416
381
95
406
446
475
421
170
228
4
410
309
52
396
95
477
414
331
334
113
175
436
110
450
437
427
329
59
420
348
422
115
229
17
21
452
269
441
400
497
223
88
84
274
483
455
29
398
64
362
288
17
298
397
466
236
103
74
72
23
421
494
414
427
11
212
380
280
154
58
55
154
145
415
205
406
370
234
82
212
96
369
228
172
44
194
407
423
267
478
446
188
472
138
116
261
350
273
318
281
108
372
434
30
65
416
435
212
150
17
423
24
163
151
195
484
345
102
407
389
357
131
78
108
269
470
368
396
21
186
177
128
335
111
157
177
27
370
388
454
164
312
477
105
462
172
366
85
51
51
474
407
182
329
292
228
299
160
401
319
123
78
224
235
465
380
411
269
28
300
223
192
389
477
296
351
149
162
436
476
212
188
384
171
17
453
176
315
114
77
411
14
154
135
27
396
292
437
166
320
15
388
289
403
366
85
33
292
24
246
269
235
433
430
184
449
383
137
42
274
214
452
288
145
364
92
42
156
29
207
253
321
372
42
2
238
403
34
308
426
279
77
439
212
284
400
438
444
37
479
219
250
431
284
173
73
375
214
7
181
198
259
279
70
79
281
86
259
92
393
186
371
247
402
360
31
302
77
474
116
56
470
366
265
254
316
337
406
30
343
365
227
380
144
296
236
424
381
494
17
52
180
165
298
359
302
106
438
378
358
55
212
328
198
476
360
14
91
44
43
434
408
47
92
53
120
327
254
2
321
48
330
279
212
129
138
292
234
354
170
92
408
159
198
106
135
335
119
226
378
438
437
287
484
306
117
104
133
370
382
231
418
213
10
407
119
425
199
352
57
147
222
464
305
197
347
218
32
465
221
187
181
435
473
165
241
90
46
373
238
206
381
433
418
169
340
37
371
317
166
427
463
165
391
46
139
238
41
170
480
261
357
161
196
108
103
214
475
425
364
490
131
246
423
326
414
263
140
285
80
306
212
320
248
380
144
387
395
184
334
375
223
468
313
196
77
415
410
329
340
52
319
249
297
242
75
488
282
215
51
140
298
40
459
323
419
380
210
314
342
322
466
342
290
279
38
144
471
225
472
312
277
69
338
351
310
412
340
370
404
168
10
479
208
246
303
404
127
290
496
468
112
462
310
180
20
125
323
490
350
74
80
404
419
417
33
8
108
372
377
12
318
386
491
26
132
72
207
258
361
203
4
251
443
91
430
462
216
31
230
343
381
310
25
301
5
57
308
112
207
185
124
25
71
392
327
479
463
34
238
102
237
19
352
457
110
60
197
103
91
426
445
249
14
247
50
19
303
135
130
10
319
31
311
167
200
138
147
440
172
162
43
186
457
394
420
67
454
117
446
322
320
169
71
334
415
121
130
496
33
37
6
352
345
95
296
45
232
220
485
181
159
28
144
117
199
341
460
430
457
407
252
56
353
101
389
269
498
296
265
31
332
48
382
454
142
456
499
152
453
262
110
113
67
32
7
265
372
466
473
330
151
225
163
5
325
52
51
323
125
315
354
234
140
14
189
60
247
188
211
201
227
98
91
293
129
97
335
2
340
308
109
269
311
271
51
413
100
101
15
2
193
368
235
110
159
423
169
184
388
157
384
115
255
474
185
383
348
21
162
188
106
48
456
416
96
284
330
472
384
122
473
354
267
209
464
425
132
410
386
21
68
270
412
322
22
98
482
147
395
422
335
1
469
69
195
66
353
302
315
15
423
289
147
190
497
388
392
406
298
279
426
365
326
117
464
126
214
447
272
109
369
384
386
116
231
358
458
361
160
274
153
83
63
299
50
337
464
442
243
263
498
170
405
324
286
370
227
277
95
499
163
463
161
326
356
391
185
315
252
344
366
405
205
428
481
32
265
446
473
8
486
249
454
391
351
18
261
78
72
133
354
234
96
16
338
230
406
23
322
436
366
188
119
348
393
100
380
158
46
131
442
309
380
175
201
231
469
239
308
319
372
163
330
245
455
168
474
361
190
296
75
334
261
193
182
154
293
62
89
116
470
32
425
350
483
403
81
230
142
166
49
14
106
379
37
61
47
288
200
237
85
274
348
345
467
30
277
38
369
365
430
339
174
133
189
157
36
47
387
455
489
213
246
96
92
282
156
416
71
133
153
432
407
1
55
152
307
331
466
176
197
174
292
370
307
258
305
120
304
469
75
72
182
321
167
274
103
100
467
450
233
397
382
417
175
437
346
481
46
90
435
242
263
227
390
70
263
195
190
344
164
42
415
345
362
82
396
243
182
363
193
192
260
353
386
434
68
232
194
113
99
129
355
361
133
245
209
395
439
176
240
380
217
155
225
80
15
399
100
473
262
292
165
300
422
51
12
489
60
205
103
158
333
235
296
244
257
5
139
196
180
156
353
175
311
78
254
325
254
131
298
294
200
240
94
123
68
105
112
404
310
491
339
420
226
135
164
482
140
81
455
97
236
308
271
47
164
302
149
417
432
224
488
410
241
82
33
86
464
144
489
52
413
328
471
139
241
413
122
158
493
77
254
7
163
303
331
326
382
479
21
93
481
10
3
222
368
35
86
332
455
75
161
368
181
410
8
421
323
406
79
94
260
110
100
200
190
430
303
73
188
324
165
169
111
167
168
256
478
31
366
433
106
27
80
64
436
364
262
37
270
340
407
307
227
8
8
417
215
310
489
402
411
431
348
299
98
294
56
76
324
421
286
207
447
143
270
162
7
32
475
54
149
383
139
376
390
146
71
105
233
337
285
145
268
410
443
365
204
498
218
306
197
281
13
422
424
61
84
208
369
59
40
19
441
178
172
109
323
20
491
56
356
54
477
124
463
421
488
445
197
483
251
394
42
41
94
243
101
177
451
470
13
490
266
232
168
437
118
268
456
109
323
312
439
79
213
403
499
201
126
473
461
376
145
3
194
238
246
295
192
474
43
482
242
308
214
409
23
331
177
256
218
277
68
157
355
280
337
132
258
462
383
496
116
305
276
310
44
299
382
13
273
424
494
15
10
208
201
32
317
155
287
312
210
132
246
342
189
84
252
224
323
135
497
217
439
273
304
260
73
463
273
123
387
267
415
174
253
116
205
70
49
269
381
258
178
404
100
366
487
129
367
89
263
364
83
480
414
164
18
486
127
290
387
14
335
302
187
88
195
169
434
243
215
93
278
392
496
156
36
262
284
402
350
48
44
210
305
457
373
322
222
499
390
109
290
225
410
254
312
105
200
246
126
414
338
403
306
334
59
119
373
343
298
1
168
341
210
472
76
360
72
297
359
461
183
426
186
93
180
275
475
379
298
101
71
413
281
154
248
340
272
398
460
347
399
128
188
109
377
42
469
448
116
106
188
299
33
373
391
489
426
144
369
224
244
217
138
26
371
163
143
420
61
103
268
459
8
233
346
384
274
315
110
390
198
297
189
230
448
357
220
374
2
366
98
23
83
13
325
231
175
245
152
14
347
419
472
354
152
318
16
426
410
126
94
109
422
60
116
370
416
335
22
195
478
397
218
339
409
320
70
362
66
221
375
190
140
347
322
70
443
337
273
131
462
366
239
163
425
133
310
119
245
332
314
224
229
309
63
415
406
409
277
471
408
152
439
325
277
261
394
497
98
167
128
338
310
145
1
235
277
88
132
22
419
223
23
425
309
362
119
215
272
395
464
180
325
403
282
379
164
177
154
261
343
59
376
431
203
376
443
257
464
75
57
161
297
79
364
106
219
482
99
490
155
63
447
257
243
229
413
406
183
67
444
304
403
321
235
383
474
178
141
216
31
474
155
327
53
19
211
271
278
87
39
210
149
263
245
169
270
435
75
230
280
296
34
183
394
46
66
369
224
483
362
254
457
17
358
288
312
346
336
90
432
153
78
358
415
100
27
462
35
378
470
314
175
4
496
69
50
63
215
51
323
78
82
281
94
217
69
406
64
404
273
273
57
128
132
250
227
435
489
262
314
459
353
266
241
350
112
68
190
327
118
13
182
476
71
275
193
139
458
34
44
10
307
377
137
438
127
142
151
394
181
464
353
34
230
94
161
342
161
350
446
56
141
128
32
211
180
3
350
139
36
171
425
342
325
339
58
230
480
209
124
161
450
254
472
458
348
133
78
286
261
24
120
401
428
151
112
108
430
239
24
466
187
448
86
290
288
421
20
46
130
420
484
357
174
456
315
299
89
392
363
349
193
482
28
121
410
417
7
341
156
30
307
121
256
170
410
321
91
207
144
497
127
128
355
300
84
447
377
450
340
240
77
310
222
382
209
132
299
215
472
232
22
57
130
55
227
40
375
95
246
297
93
150
424
447
450
286
394
327
14
12
67
367
322
66
249
31
197
48
23
170
58
44
4
187
376
230
5
29
325
28
325
195
178
250
142
405
313
313
10
326
103
353
193
202
418
442
10
115
267
32
62
324
352
66
12
228
73
16
35
175
43
359
369
497
109
11
402
421
102
411
25
481
264
218
183
182
437
192
75
204
1
136
306
130
478
317
136
52
110
170
226
429
29
96
427
415
383
329
114
262
19
139
243
282
134
425
242
71
394
316
274
172
229
80
80
208
174
215
259
61
162
262
490
467
357
195
382
19
301
274
280
319
412
24
379
323
226
398
393
398
214
444
347
220
302
426
427
475
418
463
314
357
4
82
325
360
276
484
156
354
258
436
451
447
237
108
270
240
6
440
138
496
385
263
216
187
466
421
439
385
162
31
20
165
112
344
303
165
329
458
297
364
172
248
312
408
355
359
149
360
300
64
356
462
326
349
149
293
270
365
455
210
396
474
374
285
319
454
228
425
413
25
289
362
272
378
271
404
238
419
264
315
482
397
277
309
246
203
379
294
345
334
4
19
308
155
304
404
387
309
329
78
333
396
439
105
274
210
286
289
406
50
104
389
224
158
475
247
360
132
41
483
465
321
2
51
254
83
455
141
391
62
495
2
457
434
383
10
145
169
298
51
495
180
217
219
337
469
466
475
101
284
236
343
383
237
394
414
98
127
332
266
188
327
268
423
261
151
432
183
320
8
12
315
187
6
312
302
475
278
55
353
339
290
197
222
27
91
413
401
217
245
168
182
72
213
382
111
363
92
293
460
100
82
276
64
88
365
143
340
420
197
193
259
486
389
259
291
479
172
192
473
417
137
433
488
349
315
99
213
185
170
450
284
251
4
125
116
368
268
455
288
242
149
48
229
38
84
20
295
255
488
46
172
126
256
438
474
72
314
464
256
483
415
317
13
418
219
128
287
264
84
75
7
10
399
13
47
482
32
119
238
20
442
187
422
198
402
397
47
217
139
302
477
54
396
267
250
393
173
37
157
256
388
440
43
66
452
366
48
483
485
63
281
205
28
203
402
429
377
449
423
17
29
179
347
203
223
97
96
395
410
30
428
77
470
470
142
422
337
189
184
100
30
242
304
57
222
206
263
100
432
464
393
461
143
240
441
365
115
37
39
25
343
466
101
313
437
242
14
274
209
197
373
238
216
454
72
437
160
334
314
370
298
207
109
218
225
50
361
339
363
399
141
206
143
242
20
80
261
310
131
247
284
281
262
499
235
333
436
173
445
251
43
21
235
151
17
459
200
377
298
63
54
217
46
196
458
342
54
496
152
184
22
435
465
283
212
477
394
426
150
117
454
192
414
189
120
430
426
319
85
2
159
138
218
482
112
453
324
165
450
476
126
471
189
368
32
179
346
425
105
273
319
59
243
234
25
362
164
450
459
27
452
395
441
170
377
53
124
202
494
351
455
121
100
421
488
408
100
334
112
481
108
430
317
128
164
342
489
106
70
448
132
299
122
350
469
498
403
370
477
175
498
432
295
375
132
284
283
231
395
394
490
280
325
307
407
266
426
175
371
496
400
280
295
22
408
42
21
89
189
275
263
187
485
59
62
117
120
123
125
292
17
115
73
119
422
257
385
348
431
34
122
332
92
417
353
499
236
151
88
425
204
350
112
189
186
451
305
305
74
429
375
367
322
447
486
22
204
371
147
413
404
269
245
495
463
375
272
199
304
359
401
8
487
291
473
173
242
278
256
93
484
131
459
84
355
445
105
336
94
252
27
498
21
271
271
261
424
321
237
6
180
139
290
444
429
263
395
448
318
151
41
302
59
277
386
191
223
268
304
316
20
331
92
317
379
141
78
303
461
93
86
418
231
375
363
160
415
258
108
233
186
425
36
22
202
199
489
202
466
293
296
264
124
165
358
4
305
214
84
44
306
170
240
37
322
103
473
238
138
358
248
101
283
283
399
262
259
388
464
4
181
260
45
83
202
402
86
285
116
446
328
199
393
68
13
216
447
485
231
362
343
478
462
403
40
361
166
76
27
407
356
208
444
400
290
146
81
153
430
473
99
37
173
492
381
185
485
107
171
493
468
291
249
209
472
288
347
138
142
374
322
497
359
266
398
426
189
478
79
120
451
454
433
401
224
314
87
486
198
35
257
167
103
7
153
75
72
499
212
213
373
34
211
10
77
386
435
266
142
291
163
370
24
96
272
247
187
136
12
385
170
268
329
272
52
481
125
124
480
336
114
132
148
102
141
2
487
77
267
406
367
207
277
390
80
326
415
267
239
204
429
186
249
258
457
301
239
359
202
496
196
315
128
121
417
269
399
182
345
444
89
489
151
143
158
231
246
350
275
484
331
204
170
80
461
404
158
477
264
359
473
237
175
102
135
92
148
34
273
270
477
139
259
406
281
194
137
304
321
411
288
152
392
457
232
353
362
389
108
403
249
81
140
201
182
274
70
329
307
120
376
63
259
136
468
317
107
105
122
428
293
409
80
185
145
89
315
284
478
422
187
5
280
326
482
240
377
52
346
461
171
223
24
207
358
491
25
242
373
423
170
443
332
250
405
254
116
220
38
94
419
224
375
200
327
357
439
204
408
63
166
357
285
189
64
420
458
88
163
109
11
332
53
121
359
457
374
475
455
190
346
374
413
499
351
19
356
68
222
43
131
165
399
415
132
462
336
90
328
498
198
116
108
28
14
245
485
166
497
440
355
343
92
46
342
221
64
476
288
64
19
196
228
195
112
359
434
225
226
262
1
202
156
108
229
169
130
491
112
127
209
466
470
301
13
90
299
353
66
87
416
361
61
422
